
A = 11015059
B = 11011100101100110110010011011110010011001101001
C = 0011001001101111
D = 1011001001101111

CXD

	Step		    Product			Next
 	 0	0000000000000000 1011001001101111 0	10 -> sub
	 1	+1100110110010001
		1100110110010001 1011001001101111 0
		1110011011001000 1101100100110111 1	11 -> shift
	 2	1111001101100100 0110110010011011 1	11 -> shift
	 3	1111100110110010 0011011001001101 1	11 -> shift
	 4	1111110011011001 0001101100100110 1	01 -> add
	 5	+0011001001101111
		0010111101001000 0001101100100110 1	
		0001011110100100 0000110110010011 0	10 -> sub
	 6	+1100110110010001
		1110010100110101 0000110110010011 0
		1111001010011010 1000011011001001 1	11 -> shift
	 7	1111100101001101 0100001101100100 1	01 -> add
	 8	+0011001001101111
		0010101110111100 0100001101100100 1
		0001010111011110 0010000110110010 0	00 -> shift
	 9	0000101011101111 0001000011011001 0	10 -> sub
	10	+1100110110010001
		1101100010000000 0001000011011001 0
		1110110001000000 0000100001101100 1	01 -> add
	11	+0011001001101111
		0001111010101111 0000100001101100 1
		0000111101010111 1000010000110110 0	00 -> shift
	12	0000011110101011 1100001000011011 0	10 -> sub
	13	+1100110110010001
		1101010100111100 1100001000011011 0
		1110101010011110 0110000100001101 1	11 -> shift
	14	1111010101001111 0011000010000110 1	01 -> add
	15	+0011001001101111
		0010011110111110 0011000010000110 1
		0001001111011111 0001100001000011 0	10 -> sub
	16	+1100110110010001
		1110000101110000 0001100001000011 0
		1111000010111000 0000110000100001 1	done
       CXD   =   1111000010111000 0000110000100001
		00001111010001111111001111011111

